4294967279,115
4294967279,114
4294967279,113
4294967279,112
4294967279,111
4294967279,110
4294967279,109
4294967279,108
4294967279,107
4294967279,106
4294967279,105
4294967279,104
4294967279,103
4294967279,102
4294967279,101
4294967278,37
4294967278,33
4294967278,32
4294967278,31
4294967278,30
4294967278,29
4294967278,28
4294967278,27
4294967278,26
4294967278,25
4294967278,23
4294967278,22
4294967278,21
4294967278,20
4294967278,19
4294967278,16
4294967278,14
4294967278,13
4294967278,12
4294967278,11
4294967278,10
4294967278,8
4294967278,7
4294967278,6
4294967278,5
4294967278,4
4294967279,132
4294967279,131
4294967279,130
4294967279,129
4294967279,128
4294967279,127
4294967279,126
4294967279,251
4294967279,125
4294967279,124
4294967279,123
4294967279,122
4294967279,121
4294967279,120
4294967279,119
4294967279,244
4294967279,118
4294967279,117
4294967279,116
4294967279,20
4294967279,16
4294967279,14
4294967279,12
4294967279,11
4294967279,519
4294967278,36
4294967278,335
4294967278,35
4294967278,334
4294967278,34
4294967278,145
4294967278,144
4294967278,143
4294967278,142
4294967278,141
4294967278,140
4294967278,139
4294967278,138
4294967278,277
4294967278,24
4294967278,135
4294967278,134
4294967279,133
4294967278,133
4294967279,271
4294967294,1421
4294967278,282
4294967278,263
4294967279,270
4294967279,19
4294967279,267
4294967278,9
4294967278,18
4294967278,275
4294967279,266
4294967278,17
4294967278,274
4294967279,518
4294967278,273
4294967279,277
4294967278,280
4294967278,15
4294967278,270
4294967278,283
4294967279,517
4294967279,15
4294967278,269
4294967279,264
4294967279,263
4294967279,276
4294967278,333
4294967279,262
21,6
21,5
4294967279,261
21,4
21,3
21,2
21,1
4294967279,275
4294967278,332
4294967279,516
4294967279,256
4294967279,274
4294967279,255
4294967294,37
4294967294,36
4294967294,39
4294967294,1095
4294967279,254
4294967279,253
4294967278,258
4294967278,257
4294967279,515
4294967278,331
4294967278,330
4294967279,514
4294967278,329
4294967278,328
4294967279,513
4294967294,40
4294967278,327
4294967279,512
4294967278,326
4294967279,319
4294967278,325
4294967279,318
4294967278,254
4294967279,317
4294967278,324
18,4
4294967278,253
18,3
18,2
18,1
4294967278,251
4294967278,250
4294967294,388
4294967278,248
4294967278,246
17,4
17,3
17,2
17,1
4294967278,244
4294967278,242
4294967278,240
4294967278,241
4294967279,316
4294967278,238
16,6
4294967294,1424
4294967294,393
4294967278,234
4294967278,323
4294967278,235
16,5
4294967278,232
4294967278,230
16,4
16,3
16,2
16,1
4294967278,228
4294967278,226
4294967278,224
4294967278,225
4294967278,222
15,5
4294967278,218
15,4
4294967278,216
15,3
15,2
15,1
4294967278,215
4294967294,392
4294967294,389
4294967278,214
4294967278,322
4294967278,210
4294967279,315
4294967278,321
4294967278,320
14,5
4294967294,1007
4294967294,401
4294967294,995
4294967294,1009
4294967294,1012
4294967294,1014
4294967278,209
4294967278,208
14,4
14,3
14,2
14,1
4294967279,314
4294967278,207
4294967294,1174
4294967278,206
4294967294,99
4294967294,42
4294967294,427
4294967294,424
4294967294,43
4294967294,53
4294967294,417
4294967294,51
4294967294,468
4294967294,82
4294967294,92
4294967294,90
4294967294,88
4294967294,86
4294967294,84
4294967294,396
4294967294,395
4294967294,413
4294967294,407
4294967294,420
4294967294,385
4294967294,1172
4294967294,406
4294967294,403
4294967294,168
4294967294,1005
4294967294,384
4294967294,414
4294967294,456
4294967294,160
4294967294,191
4294967294,164
4294967294,397
4294967278,205
4294967278,319
4294967279,313
4294967279,312
4294967278,204
13,5
4294967294,107
4294967278,202
13,4
4294967278,201
13,3
13,2
13,1
4294967278,318
4294967278,200
4294967294,1001
4294967294,186
4294967294,1000
4294967294,1176
4294967278,317
4294967278,198
4294967278,197
12,4
12,3
12,2
12,1
4294967279,311
4294967278,196
0,7
4294967294,1
4294967278,316
4294967294,0
4294967279,310
4294967278,315
4294967279,309
4294967278,314
4294967294,419
4294967279,308
4294967278,313
4294967294,1017
4294967294,390
4294967294,115
4294967294,114
4294967294,120
4294967294,2
4294967294,38
4294967279,307
4294967278,312
4294967279,306
4294967278,311
4294967279,305
4294967279,260
4294967279,0
4294967278,310
4294967294,469
4294967294,89
4294967279,304
4294967278,309
4294967294,50
4294967294,91
4294967294,87
4294967294,85
4294967294,1175
4294967294,29
4294967294,28
4294967294,1016
4294967294,27
4294967294,1018
4294967294,387
4294967294,46
4294967294,45
